| 8  | 0 and 1409469 | 5675.896384 |
| 16  | 0 and 1182639 | 13529.065082 |
| 32  | 0 and 1196913 | 26735.443595 |
| 64  | 0 and 1210219 | 52882.990599 |
| 128  | 0 and 1308768 | 97801.902247 |
| 256  | 0 and 1218383 | 210114.553470 |
| 512  | 0 and 1240088 | 412873.925076 |
| 1024  | 0 and 1251871 | 817975.654041 |
| 2048  | 0 and 1256071 | 1630481.079493 |
| 4096  | 0 and 1246876 | 3285009.896734 |
| 8192  | 0 and 1388382 | 5900393.407578 |
| 16384  | 0 and 1223386 | 13392338.967423 |
| 32768  | 0 and 1148534 | 28530282.952007 |
| 65536  | 0 and 1325838 | 49429870.014285 |
| 131072  | 0 and 2286138 | 57333371.826198 |
| 262144  | 0 and 3969058 | 66046905.840126 |
| 524288  | 0 and 7081770 | 74033469.033871 |
| 1048576  | 0 and 14150359 | 74102430.899456 |
| 2097152  | 0 and 26162981 | 80157226.731923 |
| 4194304  | 0 and 45153988 | 92888893.889062 |
| 8388608  | 0 and 90423209 | 92770518.683981 |
| 16777216  | 0 and 184822318 | 90774838.133996 |
| 33554432  | 0 and 641157255 | 52334168.783601 |
| 67108864  | 0 and 987312552 | 67971245.644611 |
| 134217728  | 2 and 482083594 | 54074620.340930 |
| 268435456  | 4 and 882511793 | 54978967.257151 |
client_data.bin - sont différents: octet 18731266, ligne 73454
| 536870912  | 7 and 521077152 | 71382183.848125 |
| 1073741824  | 22 and 81907351 | 48625411.153687 |
client_data.bin - sont différents: octet 1039283821, ligne 4058045
