| 8  | 0 and 1311772 | 6098.620797 |
| 16  | 0 and 1143016 | 13998.054270 |
| 32  | 0 and 1286221 | 24879.083766 |
| 64  | 0 and 1198810 | 53386.274722 |
| 128  | 0 and 1185059 | 108011.499849 |
| 256  | 0 and 1276413 | 200562.043790 |
| 512  | 0 and 3893555 | 131499.362408 |
| 1024  | 0 and 1171810 | 873861.803535 |
| 2048  | 0 and 1086919 | 1884225.043448 |
| 4096  | 0 and 1180462 | 3469827.914833 |
| 8192  | 0 and 1143901 | 7161458.902475 |
| 16384  | 0 and 1181527 | 13866801.181860 |
| 32768  | 0 and 1337372 | 24501784.095973 |
| 65536  | 0 and 1286760 | 50931020.547732 |
| 131072  | 0 and 1348474 | 97200242.644649 |
| 262144  | 0 and 1670680 | 156908564.177461 |
| 524288  | 0 and 2394534 | 218951996.505374 |
| 1048576  | 0 and 4331167 | 242100108.354169 |
| 2097152  | 0 and 8119573 | 258283532.890215 |
| 4194304  | 0 and 22170131 | 189187154.554928 |
| 8388608  | 0 and 30846575 | 271946172.306002 |
| 16777216  | 0 and 74579348 | 224957933.394644 |
| 33554432  | 0 and 205190268 | 163528379.425870 |
| 67108864  | 0 and 396283540 | 169345575.140466 |
| 134217728  | 0 and 783011302 | 171412248.657427 |
| 268435456  | 1 and 504424666 | 178430640.009195 |
| 536870912  | 2 and 203129263 | 243685616.189830 |
client_data.bin - sont différents: octet 466046116, ligne 1819168
| 1073741824  | 4 and 105289474 | 261550818.961810 |
| 2147483648  | 11 and 270871918 | 190533941.262378 |
client_data.bin - sont différents: octet 45611004, ligne 178249
| 4294967296  | 22 and 615077018 | 189916102.986583 |
client_data.bin - sont différents: octet 24427280, ligne 95320
