| 8  | 0 and 1219346 | 6560.894119 |
| 16  | 0 and 1424181 | 11234.527072 |
| 32  | 0 and 1382633 | 23144.247244 |
| 64  | 0 and 1665417 | 38428.813925 |
| 128  | 0 and 1317001 | 97190.510865 |
| 256  | 0 and 1207195 | 212061.845849 |
| 512  | 0 and 1563285 | 327515.456235 |
| 1024  | 0 and 1306468 | 783792.637860 |
| 2048  | 0 and 1383317 | 1480499.408306 |
| 4096  | 0 and 1341712 | 3052816.103605 |
| 8192  | 0 and 1606485 | 5099331.770916 |
| 16384  | 0 and 1278687 | 12813143.482338 |
| 32768  | 0 and 1685377 | 19442534.222313 |
| 65536  | 0 and 1684623 | 38902472.541334 |
| 131072  | 0 and 1768318 | 74122414.633567 |
| 262144  | 0 and 1600006 | 163839385.602304 |
| 524288  | 0 and 1715726 | 305577930.275580 |
| 1048576  | 0 and 1810027 | 579315115.188890 |
| 2097152  | 0 and 3323846 | 630941385.371043 |
| 4194304  | 0 and 7306216 | 574073364.379044 |
| 8388608  | 0 and 13318466 | 629847911.914180 |
| 16777216  | 0 and 35875630 | 467649376.470880 |
| 33554432  | 0 and 61262478 | 547715879.204233 |
| 67108864  | 0 and 140619362 | 477237722.071303 |
| 134217728  | 0 and 408980225 | 328176571.373347 |
| 268435456  | 0 and 672441161 | 399195456.150847 |
| 536870912  | 1 and 385879261 | 387386496.867421 |
| 1073741824  | 3 and 36988880 | 353554743.341701 |
client_data.bin - sont différents: octet 211937824, ligne 828098
| 2147483648  | 6 and 75787987 | 353449404.850012 |
client_data.bin - sont différents: octet 132539289, ligne 517586
