| 8  | 0 and 1862560 | 4295.163646 |
| 16  | 0 and 1183373 | 13520.673532 |
| 32  | 0 and 1224917 | 26124.219029 |
| 64  | 0 and 1219987 | 52459.575389 |
| 128  | 0 and 1074652 | 119108.325300 |
| 256  | 0 and 1271221 | 201381.191783 |
| 512  | 0 and 1238296 | 413471.415558 |
| 1024  | 0 and 1411887 | 725270.506776 |
| 2048  | 0 and 1249077 | 1639610.688532 |
| 4096  | 0 and 1190630 | 3440195.526738 |
| 8192  | 0 and 1588877 | 5155842.774488 |
| 16384  | 0 and 1513154 | 10827714.826118 |
| 32768  | 0 and 1390583 | 23564217.310294 |
| 65536  | 0 and 1733740 | 37800362.222709 |
| 131072  | 0 and 2270112 | 57738120.409918 |
| 262144  | 0 and 3570439 | 73420663.397414 |
| 524288  | 0 and 7085140 | 73998255.503773 |
| 1048576  | 0 and 13234616 | 79229801.605124 |
| 2097152  | 0 and 24391157 | 85980013.166247 |
| 4194304  | 0 and 52520745 | 79859948.673615 |
| 8388608  | 0 and 93434088 | 89781022.960271 |
| 16777216  | 0 and 187525713 | 89466216.294296 |
| 33554432  | 0 and 433332522 | 77433449.594628 |
| 67108864  | 0 and 766301835 | 87574974.944436 |
| 134217728  | 1 and 483368565 | 90481712.479865 |
| 268435456  | 3 and 31604658 | 88545666.827512 |
| 536870912  | 6 and 814879408 | 78779224.085721 |
| 1073741824  | 14 and 790901963 | 72594749.575516 |
client_data.bin - sont différents: octet 378723025, ligne 1479200
