| 8  | 0 and 1249652 | 6401.782256 |
| 16  | 0 and 1194324 | 13396.699723 |
| 32  | 0 and 1778680 | 17990.869634 |
| 64  | 0 and 1824755 | 35073.201608 |
| 128  | 0 and 1186324 | 107896.325119 |
| 256  | 0 and 1596483 | 160352.474784 |
| 512  | 0 and 1224365 | 418175.952432 |
| 1024  | 0 and 1178847 | 868645.379765 |
| 2048  | 0 and 1240256 | 1651271.995459 |
| 4096  | 0 and 1204090 | 3401739.072661 |
| 8192  | 0 and 1208602 | 6778079.136060 |
| 16384  | 0 and 1294970 | 12652030.548970 |
| 32768  | 0 and 1250484 | 26204253.712962 |
| 65536  | 0 and 1753947 | 37364869.063888 |
| 131072  | 0 and 1615001 | 81159082.873633 |
| 262144  | 0 and 2234799 | 117300929.524311 |
| 524288  | 0 and 3862538 | 135736658.124787 |
| 1048576  | 0 and 7529486 | 139262626.957537 |
| 2097152  | 0 and 15028650 | 139543605.047692 |
| 4194304  | 0 and 31393989 | 133602136.383497 |
| 8388608  | 0 and 62186775 | 134893761.575512 |
| 16777216  | 0 and 172804362 | 97087919.574623 |
| 33554432  | 0 and 349871613 | 95904985.581097 |
| 67108864  | 0 and 460233560 | 145814798.903409 |
| 134217728  | 1 and 18949309 | 131721692.938505 |
| 268435456  | 2 and 723253009 | 98571618.249518 |
client_data.bin - sont différents: octet 46593249, ligne 181681
| 536870912  | 5 and 717511328 | 93899405.038485 |
client_data.bin - sont différents: octet 226082152, ligne 882616
| 1073741824  | 12 and 222141659 | 87852182.862676 |
client_data.bin - sont différents: octet 175070895, ligne 682745
