| 8  | 0 and 1553671 | 5149.095272 |
| 16  | 0 and 1594729 | 10033.052638 |
| 32  | 0 and 1567500 | 20414.673046 |
| 64  | 0 and 1178456 | 54308.349230 |
| 128  | 0 and 1610016 | 79502.315505 |
| 256  | 0 and 1659908 | 154225.414903 |
| 512  | 0 and 1601624 | 319675.529338 |
| 1024  | 0 and 1528033 | 670142.595088 |
| 2048  | 0 and 1185503 | 1727536.750223 |
| 4096  | 0 and 1225018 | 3343624.338581 |
| 8192  | 0 and 2482697 | 3299637.450724 |
| 16384  | 0 and 5187990 | 3158063.141988 |
| 32768  | 0 and 9750351 | 3360699.527638 |
| 65536  | 0 and 16833886 | 3893099.905750 |
| 131072  | 0 and 22716517 | 5769898.616060 |
| 262144  | 0 and 69746292 | 3758536.726225 |
| 524288  | 0 and 84879039 | 6176884.259964 |
| 1048576  | 0 and 163862961 | 6399103.211616 |
| 2097152  | 0 and 322358550 | 6505650.307709 |
| 4194304  | 0 and 658816234 | 6366424.783637 |
| 8388608  | 1 and 313126256 | 6388272.233283 |
| 16777216  | 2 and 715144856 | 6179123.726281 |
| 33554432  | 6 and 365089067 | 5271635.894926 |
| 67108864  | 11 and 704500297 | 5733594.967502 |
| 134217728  | 21 and 281953373 | 6306645.148950 |
| 268435456  | 44 and 205211260 | 6072484.405089 |
| 536870912  | 102 and 49460404 | 5260889.277362 |
| 1073741824  | 263 and 650541438 | 4072594.799706 |
